-,-,-
-8, 199, 674
77, 251, 1012
36, 185, 1148
59, 198, 1139
89, 238, 1078
98, 254, 1024
98, 254, 1024
113, 266, 1057
103, 249, 1016
113, 249, 976
105, 246, 983
135, 239, 960
173, 257, 1003
173, 257, 1003
206, 254, 1004
228, 270, 918
254, 320, 883
282, 371, 949
343, 422, 1030
419, 462, 1025
479, 510, 1016
479, 510, 1016
499, 540, 916
492, 474, 894
486, 386, 965
518, 318, 938
549, 304, 821
549, 304, 821
573, 194, 798
547, -50, 1065
492, -226, 1216
425, -283, 980
339, -281, 794
240, -297, 817
162, -316, 898
99, -304, 897
99, -304, 897
63, -224, 819
32, -171, 859
20, -133, 900
-7, -132, 943
-45, -153, 925
-45, -153, 925
-95, -187, 899
-111, -204, 945
-93, -182, 1039
-50, -121, 1123
-18, -69, 1136
0, -42, 1104
0, -9, 1084
0, -9, 1084
-23, 0, 1088
-48, -4, 1123
-39, 37, 1128
-31, 66, 1090
-31, 66, 1090
-9, 112, 1159
-19, 156, 1143
-35, 155, 1133
-38, 165, 1100
-41, 176, 1042
-26, 176, 1112
15, 162, 1154
15, 162, 1154
86, 170, 1145
146, 187, 1100
193, 202, 1036
258, 197, 976
343, 193, 894
403, 164, 851
403, 164, 851
438, 144, 840
483, 156, 887
-,-,-
-20, 63, 871
-20, 63, 871
-19, 13, 1003
-56, -33, 1093
-60, 6, 1038
-90, 23, 973
-90, 23, 973
-119, 41, 963
-107, 37, 1014
-67, 25, 1113
-24, 46, 1137
9, 104, 1128
9, 104, 1128
35, 138, 1069
76, 171, 1078
110, 193, 1073
143, 229, 1024
170, 267, 975
170, 267, 975
179, 220, 967
187, 141, 998
202, 115, 963
234, 125, 939
282, 158, 939
282, 158, 939
312, 147, 910
336, 102, 937
346, -12, 1000
371, -14, 1032
390, 45, 977
390, 45, 977
390, 36, 919
365, -42, 948
340, -135, 992
312, -169, 1018
290, -157, 994
268, -124, 959
237, -157, 978
237, -157, 978
199, -191, 1005
165, -210, 1001
140, -194, 984
119, -199, 978
97, -226, 1001
76, -263, 1006
43, -285, 1010
12, -274, 1022
-17, -284, 1014
-17, -284, 1014
-58, -290, 998
-97, -274, 947
-139, -279, 908
-157, -283, 932
-161, -291, 944
-169, -265, 923
-167, -232, 960
-151, -197, 978
-143, -182, 1005
-149, -182, 1050
-164, -159, 1015
-158, -120, 1008
-120, -89, 1099
-72, -12, 1096
-35, 42, 1104
-9, 61, 1129
-9, 61, 1129
9, 55, 1148
35, 71, 1134
66, 90, 1104
66, 90, 1104
88, 90, 1074
101, 79, 1051
143, 87, 1009
202, 93, 1014
202, 93, 1014
246, 74, 994
281, 89, 984
310, 126, 947
313, 119, 927
-,-,-
7, -60, 975
7, -60, 975
-10, -72, 1039
-34, -93, 1102
-63, -88, 1057
-96, -88, 1023
-104, -91, 1042
-100, -63, 1018
-79, -25, 999
-79, -25, 999
-45, 0, 1053
-19, -2, 1051
-2, 9, 1044
25, 45, 1050
25, 45, 1050
52, 86, 1004
82, 137, 967
118, 153, 983
162, 151, 1012
162, 151, 1012
208, 145, 974
222, 112, 986
233, 101, 986
240, 87, 1006
254, 93, 968
254, 93, 968
273, 108, 912
284, 63, 917
288, -8, 956
281, -85, 1018
285, -91, 1065
285, -91, 1065
293, -55, 958
287, -34, 895
273, -94, 918
248, -185, 988
230, -202, 1062
219, -171, 1014
212, -124, 954
212, -124, 954
194, -99, 985
172, -145, 1039
130, -209, 1070
97, -234, 1030
65, -230, 977
23, -260, 982
-1, -268, 1020
-20, -243, 998
-20, -243, 998
-43, -235, 961
-82, -242, 905
-111, -234, 916
-124, -225, 924
-136, -218, 888
-141, -223, 906
-135, -203, 931
-123, -178, 970
-111, -199, 1040
-102, -217, 1091
-81, -200, 1089
-55, -158, 1091
-44, -120, 1088
-39, -86, 1085
-24, -73, 1059
-24, -73, 1059
4, -60, 1063
41, -39, 1043
96, 0, 1060
157, 34, 1057
-,-,-
-86, -160, 978
-133, -194, 918
-138, -222, 884
-65, -202, 966
6, -154, 1042
35, -101, 1070
13, -43, 999
13, -43, 999
-7, -46, 977
20, -78, 983
46, -72, 989
31, -51, 1039
31, -51, 1039
11, -42, 1032
11, -20, 989
33, -51, 983
67, -79, 1015
67, -79, 1015
107, -55, 1072
131, 10, 1036
138, 50, 1013
150, 43, 1088
177, 1, 1087
177, 1, 1087
214, 21, 1017
229, 24, 992
244, -10, 1060
255, -70, 1113
269, -123, 1112
281, -111, 1020
285, -60, 941
285, -60, 941
273, -45, 979
255, -85, 1003
235, -137, 951
226, -146, 880
220, -114, 904
198, -105, 902
167, -147, 904
167, -147, 904
145, -245, 926
133, -324, 964
97, -377, 1031
67, -358, 1018
58, -337, 1004
38, -347, 1019
26, -321, 1009
18, -267, 993
18, -267, 993
3, -228, 999
-12, -200, 991
-25, -208, 997
-37, -243, 990
-61, -266, 973
-101, -279, 984
-142, -281, 941
-142, -281, 941
-158, -273, 917
-149, -270, 922
-147, -282, 936
-151, -293, 1000
-141, -247, 1022
-108, -158, 1009
-89, -106, 998
-79, -75, 1030
-74, -55, 1060
-66, -54, 1098
-55, -39, 1104
-50, 12, 1045
-47, 35, 1014
-47, 35, 1014
-51, 15, 1016
-52, 2, 994
-46, -19, 1015
-8, -19, 1013
-8, -19, 1002
42, 5, 1002
88, 40, 999
130, 54, 997
159, 58, 1010
159, 58, 1010
178, 38, 1045
-,-,-
26, -77, 992
6, -79, 1007
6, -79, 1007
-21, -80, 1000
-32, -85, 1005
-39, -74, 1009
-49, -46, 947
-55, -22, 917
-43, -34, 1029
-29, -61, 1093
-29, -61, 1093
-4, -47, 1085
8, -29, 1049
29, -10, 1066
46, 8, 1101
46, 8, 1101
68, 51, 1082
95, 63, 1094
112, 72, 1062
131, 90, 1022
131, 90, 1022
162, 88, 1051
174, 48, 1060
193, 37, 1080
204, 60, 1013
221, 114, 939
221, 114, 939
237, 111, 944
247, 40, 1007
254, 15, 988
248, 17, 907
248, 17, 907
256, 35, 907
265, 37, 973
268, 17, 996
241, -71, 944
241, -71, 944
219, -117, 897
200, -109, 945
186, -142, 978
161, -197, 985
145, -209, 955
116, -247, 947
75, -292, 1012
49, -292, 1047
49, -292, 1047
32, -267, 1027
11, -258, 987
1, -263, 993
1, -262, 1012
-3, -245, 994
-3, -245, 994
-7, -237, 976
-23, -238, 926
-57, -249, 911
-99, -264, 935
-119, -278, 945
-132, -279, 942
-144, -282, 963
-157, -284, 998
-156, -258, 1026
-168, -242, 1035
-171, -210, 1042
-163, -160, 1028
-159, -143, 1044
-163, -133, 1061
-151, -103, 1083
-118, -60, 1061
-83, -1, 1053
-83, -1, 1053
-61, 62, 1030
-42, 84, 1016
-16, 40, 1037
32, 26, 1022
94, 75, 966
94, 75, 966
176, 119, 989
240, 121, 1081
280, 124, 1062
-,-,-
-16, -121, 1022
-48, -67, 949
-48, -67, 949
-100, -48, 914
-136, -104, 982
-133, -135, 1004
-94, -117, 1038
-47, -67, 1004
-8, 0, 946
33, 28, 1009
33, 28, 1009
76, 0, 1110
111, -33, 1164
151, -33, 1131
185, -10, 1089
221, 15, 1104
221, 15, 1104
235, -40, 1151
266, -58, 1176
289, -52, 1096
303, -39, 1030
311, -12, 997
324, 0, 1002
324, 0, 1002
343, 38, 999
332, 12, 953
320, -26, 960
312, -40, 905
312, -40, 905
288, -74, 874
263, -94, 935
226, -124, 954
193, -151, 955
180, -158, 947
146, -190, 903
113, -196, 913
113, -196, 913
75, -245, 960
47, -280, 999
26, -298, 984
-3, -296, 964
-37, -285, 945
-59, -276, 952
-59, -276, 952
-67, -257, 947
-83, -241, 897
-111, -227, 868
-130, -233, 858
-151, -275, 887
-168, -272, 895
-173, -245, 848
-163, -228, 877
-152, -251, 949
-131, -232, 993
-113, -220, 1038
-124, -216, 1061
-141, -204, 1028
-150, -212, 1029
-146, -250, 1104
-134, -223, 1169
-114, -152, 1170
-98, -102, 1108
-80, -82, 1090
-51, -62, 1053
-51, -62, 1053
2, -1, 1063
48, 22, 1058
102, 43, 1027
169, 72, 1050
231, 88, 1069
-,-,-
-93, -111, 949
-135, -123, 971
-138, -138, 1006
-149, -121, 1027
-162, -120, 1059
-162, -98, 1024
-133, -69, 1014
-74, -63, 1095
1, -63, 1182
69, -28, 1203
69, -28, 1203
119, 28, 1177
173, 95, 1177
213, 135, 1124
235, 142, 1116
239, 124, 1100
276, 154, 1065
276, 154, 1065
310, 197, 994
331, 220, 994
341, 206, 933
341, 123, 893
332, 14, 898
332, 14, 898
327, -90, 884
312, -120, 886
285, -183, 848
265, -251, 852
233, -325, 909
203, -355, 919
203, -355, 919
177, -358, 934
148, -368, 988
109, -316, 986
59, -288, 993
19, -283, 1021
-9, -272, 1008
-30, -265, 1002
-72, -293, 999
-104, -296, 959
-104, -296, 959
-140, -321, 948
-152, -315, 946
-188, -346, 921
-217, -325, 916
-259, -307, 881
-249, -260, 880
-207, -245, 952
-167, -231, 1062
-135, -166, 1107
-117, -103, 1091
-110, -85, 1057
-116, -98, 1060
-118, -86, 1099
-112, -51, 1076
-106, -23, 1033
-79, -23, 1008
-47, -5, 1041
-23, 13, 1052
-23, 13, 1052
-5, 32, 1032
9, 36, 994
18, 39, 950
18, 39, 950
32, 51, 967
55, 48, 991
84, 62, 1033
84, 62, 1033
-,-,-
-8, -79, 979
-13, -67, 878
-35, -85, 942
-86, -147, 970
-110, -174, 927
-111, -198, 959
-98, -196, 993
-74, -169, 1037
-74, -169, 1037
-29, -138, 1087
21, -107, 1101
81, -56, 1125
121, -32, 1136
159, -21, 1176
195, 5, 1192
216, 35, 1147
216, 35, 1147
222, 52, 1135
205, 48, 1117
175, 55, 1092
138, 58, 1039
114, 70, 994
114, 70, 994
105, 65, 981
116, 69, 961
119, 78, 918
135, 89, 905
135, 89, 905
162, 103, 938
195, 119, 940
218, 128, 893
202, 62, 867
202, 62, 867
182, -34, 899
177, -106, 965
169, -181, 971
164, -215, 932
147, -230, 922
122, -277, 979
122, -277, 979
96, -282, 1012
76, -261, 1004
72, -215, 994
51, -220, 999
45, -234, 1037
26, -241, 1053
16, -245, 1039
17, -245, 1015
17, -221, 1015
14, -205, 1007
-5, -219, 994
-29, -221, 966
-36, -213, 945
-54, -225, 935
-79, -250, 942
-112, -286, 911
-132, -285, 860
-132, -285, 860
-154, -283, 864
-163, -256, 894
-150, -241, 930
-112, -216, 977
-91, -223, 1042
-91, -207, 1066
-101, -203, 1056
-106, -203, 1091
-114, -185, 1052
-106, -152, 1047
-101, -147, 1082
-91, -120, 1067
-83, -114, 1051
-68, -98, 1050
-42, -67, 1032
-2, -30, 1077
27, -17, 1078
27, -17, 1078
59, 17, 1043
96, 60, 1012
143, 92, 1028
182, 113, 1033
223, 131, 1013
223, 131, 1013
262, 129, 990
-,-,-
-96, -162, 978
-90, -157, 959
-68, -121, 1006
-43, -119, 1000
-29, -125, 989
-4, -111, 1055
22, -89, 1063
41, -91, 1085
41, -91, 1085
61, -85, 1105
66, -91, 1111
74, -76, 1100
83, -49, 1094
92, -25, 1071
92, -25, 1071
100, 2, 1049
112, 22, 1053
122, 28, 1045
136, 31, 1030
158, 55, 1024
158, 55, 1024
170, 67, 1001
176, 55, 989
187, 32, 991
197, -1, 990
197, -1, 990
210, -7, 973
217, -9, 956
222, -31, 981
220, -82, 993
220, -82, 993
209, -130, 996
202, -165, 1009
196, -162, 951
183, -228, 969
161, -293, 996
148, -279, 960
121, -291, 941
70, -366, 963
70, -366, 963
39, -367, 941
5, -366, 940
-22, -365, 978
-54, -349, 966
-75, -320, 943
-97, -324, 948
-97, -324, 948
-118, -320, 918
-126, -292, 904
-131, -260, 870
-142, -268, 888
-146, -289, 924
-147, -280, 938
-152, -270, 966
-151, -245, 971
-154, -217, 975
-161, -215, 1035
-176, -227, 1057
-193, -235, 1040
-208, -238, 1052
-215, -224, 1041
-219, -202, 1021
-217, -194, 1014
-205, -189, 1014
-170, -161, 1011
-109, -82, 994
-45, -24, 1006
27, 12, 1059
27, 12, 1059
94, 44, 1093
157, 68, 1112
198, 86, 1128
-,-,-
-96, -102, 946
-104, -117, 967
-92, -128, 976
-66, -109, 964
-38, -98, 1009
-25, -85, 1031
-16, -88, 1059
-16, -88, 1059
2, -103, 1067
33, -88, 1090
56, -59, 1082
71, -52, 1107
75, -61, 1127
95, -24, 1111
95, -24, 1111
109, 0, 1087
117, 33, 1059
114, 34, 1028
119, 27, 1045
119, 27, 1045
122, -17, 1048
119, -60, 1029
127, -54, 1003
133, -50, 985
153, -46, 976
181, -33, 1009
214, -16, 1027
214, -16, 1027
255, 26, 1031
271, 28, 1001
266, -19, 987
255, -73, 1014
242, -121, 1025
218, -161, 996
194, -173, 926
194, -173, 926
157, -218, 879
134, -251, 899
98, -296, 935
76, -302, 980
62, -266, 953
41, -242, 950
41, -242, 950
22, -255, 980
3, -278, 994
-23, -301, 1027
-54, -296, 975
-78, -275, 930
-95, -255, 926
-112, -258, 938
-112, -258, 938
-121, -252, 927
-118, -266, 924
-113, -262, 937
-133, -253, 932
-162, -257, 922
-173, -264, 916
-167, -257, 946
-157, -231, 978
-162, -220, 1009
-161, -214, 1046
-159, -194, 1042
-158, -161, 1030
-153, -129, 1025
-137, -119, 1016
-115, -104, 1050
-96, -102, 1088
-48, -84, 1132
33, -22, 1143
98, 40, 1093
98, 40, 1093
130, 58, 1065
165, 32, 1073
189, -9, 1099
200, -13, 1066
174, -11, 955
174, -11, 955
140, -27, 891
114, -63, 870
-,-,-
-10, -138, 1035
-31, -142, 956
-46, -129, 919
-70, -152, 917
-64, -186, 974
-42, -206, 1058
-13, -168, 1080
5, -115, 1080
10, -110, 1080
10, -110, 1080
18, -118, 1091
30, -127, 1126
45, -117, 1113
75, -73, 1100
113, -21, 1066
146, 19, 1069
172, 47, 1081
172, 47, 1081
188, 45, 1066
207, 55, 1069
222, 70, 1035
238, 92, 1024
251, 105, 973
251, 105, 973
251, 39, 967
241, -34, 970
243, -97, 1005
260, -104, 964
261, -116, 928
261, -127, 936
261, -127, 936
241, -187, 956
220, -222, 951
204, -215, 923
184, -231, 940
155, -268, 949
120, -287, 957
79, -296, 966
79, -296, 966
48, -291, 973
34, -278, 1001
2, -268, 982
-31, -274, 969
-61, -285, 958
-84, -282, 952
-96, -274, 940
-96, -274, 940
-105, -271, 924
-122, -285, 921
-127, -294, 904
-135, -300, 927
-145, -287, 939
-152, -261, 938
-146, -237, 942
-143, -225, 939
-132, -224, 970
-123, -211, 977
-108, -180, 998
-81, -143, 1057
-60, -112, 1071
-41, -86, 1072
-41, -86, 1072
-11, -83, 1079
38, -69, 1116
-,-,-
-18, -141, 1037
-24, -171, 999
-29, -162, 1016
-28, -163, 1064
-51, -170, 1036
-62, -184, 1042
-69, -190, 1044
-66, -173, 1006
-37, -144, 1044
10, -108, 1094
73, -49, 1132
73, -49, 1132
127, -5, 1114
167, 40, 1078
196, 64, 1057
232, 65, 1088
262, 39, 1124
262, 39, 1124
280, 29, 1119
288, 31, 1077
282, 32, 1030
267, 11, 983
251, -45, 1007
251, -45, 1007
253, -71, 1013
244, -67, 942
234, -76, 912
229, -92, 889
212, -160, 936
200, -192, 968
194, -172, 915
194, -172, 915
179, -164, 877
161, -170, 883
154, -215, 939
140, -261, 951
118, -285, 959
89, -312, 958
64, -338, 980
64, -338, 980
41, -347, 995
9, -333, 970
-6, -292, 955
-27, -277, 929
-53, -274, 932
-53, -274, 932
-104, -294, 907
-126, -282, 900
-131, -275, 906
-137, -297, 947
-151, -322, 962
-153, -305, 966
-149, -274, 961
-153, -270, 972
-144, -275, 1047
-132, -251, 1056
-126, -230, 1056
-122, -216, 1055
-113, -191, 1034
-93, -177, 1035
-69, -166, 1041
-45, -136, 1018
-15, -104, 1021
-,-,-
-58, -179, 967
-107, -218, 937
-144, -217, 949
-134, -200, 963
-113, -192, 981
-60, -169, 1050
3, -136, 1114
76, -88, 1151
131, -79, 1151
177, -64, 1184
177, -64, 1184
219, -37, 1198
236, -15, 1159
233, -19, 1114
223, -40, 1064
203, -69, 1009
188, -87, 985
187, -93, 962
187, -93, 962
171, -127, 977
147, -139, 957
145, -95, 918
155, -55, 885
167, -70, 915
186, -110, 998
186, -110, 998
209, -134, 1045
220, -99, 979
216, -117, 952
215, -150, 982
208, -190, 1014
188, -228, 976
182, -248, 995
149, -295, 950
117, -325, 981
117, -325, 981
98, -307, 992
83, -285, 973
47, -309, 982
24, -315, 998
-3, -308, 968
-21, -308, 960
-21, -308, 960
-28, -290, 956
-40, -279, 914
-57, -292, 889
-55, -294, 876
-51, -307, 874
-46, -310, 905
-50, -287, 921
-55, -236, 927
-55, -236, 927
-56, -210, 952
-73, -201, 987
-100, -221, 1046
-125, -226, 1056
-150, -215, 1048
-191, -219, 1014
-227, -223, 975
-237, -233, 991
-218, -215, 1008
-185, -169, 1030
-144, -117, 1033
-99, -63, 1003
-53, -40, 990
12, -19, 1023
71, 7, 1057
71, 7, 1057
-,-,-
-12, -80, 993
-3, -121, 996
11, -93, 1026
2, -79, 979
2, -79, 979
-24, -116, 1011
-51, -171, 1059
-61, -193, 1091
-66, -185, 1066
-78, -169, 1041
-72, -153, 1055
-42, -126, 1085
-6, -76, 1061
25, -30, 1036
25, -30, 1036
58, -10, 1019
86, 3, 1023
104, 4, 1040
117, 12, 1020
117, 12, 1020
150, 22, 991
176, 9, 968
197, -27, 1004
224, -36, 1046
224, -36, 1046
258, -4, 1059
270, -10, 1042
288, -35, 1014
280, -71, 985
264, -123, 1005
247, -171, 1013
227, -205, 972
208, -226, 914
185, -226, 902
185, -275, 902
156, -336, 932
161, -335, 1011
128, -337, 971
104, -323, 968
76, -308, 929
46, -327, 955
27, -314, 998
27, -314, 998
-5, -320, 989
-24, -289, 999
-46, -277, 961
-61, -284, 941
-58, -254, 939
-62, -257, 942
-75, -275, 951
-75, -275, 951
-97, -269, 904
-118, -271, 889
-140, -284, 882
-143, -259, 898
-154, -262, 912
-160, -256, 936
-165, -247, 958
-177, -254, 984
-184, -241, 1014
-182, -207, 1061
-177, -188, 1063
-180, -181, 1048
-184, -183, 1011
-152, -164, 1007
-90, -137, 1013
-3, -109, 1051
88, -89, 1083
184, -50, 1096
-,-,-
-19, -148, 983
-28, -158, 955
-35, -166, 972
-56, -171, 964
-74, -181, 983
-85, -196, 990
-91, -201, 968
-78, -188, 1008
-57, -187, 1030
-31, -192, 1100
-31, -192, 1100
-1, -170, 1121
25, -128, 1085
54, -96, 1097
80, -53, 1109
102, -15, 1092
128, 32, 1080
143, 40, 1041
143, 40, 1041
151, 13, 1037
163, -31, 1047
174, -78, 1048
197, -76, 1032
223, -56, 1008
242, -57, 997
255, -87, 1023
255, -87, 1023
254, -126, 1035
249, -120, 980
238, -121, 920
237, -117, 927
214, -155, 917
196, -204, 950
181, -211, 950
165, -192, 911
165, -192, 911
133, -218, 934
106, -244, 979
72, -282, 965
35, -325, 965
-6, -330, 940
-42, -341, 932
-67, -344, 954
-67, -344, 954
-88, -338, 921
-122, -344, 879
-167, -347, 869
-200, -350, 840
-217, -353, 862
-229, -350, 902
-232, -332, 894
-229, -317, 924
-218, -295, 974
-210, -271, 1034
-190, -226, 1045
-182, -213, 1045
-172, -211, 1052
-161, -198, 1021
-140, -179, 1032
-102, -162, 1065
-50, -130, 1067
23, -89, 1101
89, -64, 1125
89, -64, 1125
-,-,-
-101, -165, 928
-109, -183, 983
-109, -183, 983
-104, -206, 1046
-84, -203, 1041
-45, -163, 1058
-30, -157, 1078
-23, -164, 1072
5, -162, 1115
34, -149, 1081
69, -116, 1078
101, -92, 1057
129, -87, 1075
150, -73, 1053
173, -73, 1041
173, -73, 1041
196, -78, 1064
224, -72, 1028
241, -85, 1038
246, -81, 1037
230, -93, 1000
215, -94, 963
216, -68, 923
216, -68, 923
211, -69, 911
194, -145, 902
187, -213, 920
181, -269, 913
174, -319, 932
149, -372, 974
108, -390, 946
108, -390, 946
85, -373, 985
54, -354, 960
26, -366, 990
7, -353, 991
-5, -328, 983
-5, -328, 983
-28, -329, 976
-60, -327, 958
-97, -319, 905
-121, -324, 871
-129, -312, 859
-143, -323, 877
-147, -332, 898
-146, -335, 929
-131, -306, 930
-125, -277, 916
-114, -265, 961
-101, -268, 1025
-97, -256, 1062
-97, -256, 1062
-116, -243, 1041
-133, -211, 995
-146, -218, 974
-145, -226, 1009
-135, -206, 1024
-118, -191, 1010
-78, -157, 1019
-25, -120, 1038
28, -93, 1077
88, -38, 1098
-,-,-
-65, -183, 921
-65, -183, 921
-54, -183, 1012
-37, -190, 1016
8, -166, 1110
41, -160, 1115
68, -147, 1120
86, -140, 1112
105, -152, 1136
127, -144, 1150
141, -148, 1160
149, -128, 1110
164, -96, 1068
164, -96, 1068
187, -53, 1053
204, -28, 1020
226, -42, 1032
246, -42, 1025
271, -15, 1036
300, 19, 1038
310, 41, 1022
310, 41, 1022
305, 19, 1029
286, -22, 1008
264, -38, 957
244, -61, 896
228, -102, 892
211, -181, 890
211, -181, 890
181, -258, 897
172, -273, 924
141, -302, 900
120, -306, 920
89, -346, 934
61, -363, 975
30, -352, 954
30, -352, 954
-4, -356, 939
-35, -369, 941
-52, -351, 918
-65, -322, 907
-73, -321, 927
-98, -312, 887
-103, -286, 879
-113, -276, 895
-113, -276, 895
-107, -273, 935
-97, -294, 980
-100, -289, 1004
-108, -272, 1010
-110, -266, 1028
-110, -274, 1058
-131, -270, 1040
-157, -263, 1013
-168, -246, 957
-152, -212, 940
-125, -200, 961
-75, -163, 997
-21, -126, 1030
14, -112, 1052
49, -89, 1035
90, -75, 1023
149, -46, 1055
149, -46, 1055
-,-,-
-40, -232, 1011
-46, -243, 1010
-36, -235, 1072
-39, -224, 985
-14, -185, 985
31, -141, 1047
84, -115, 1141
115, -126, 1178
115, -126, 1155
152, -84, 1155
195, -8, 1175
209, 19, 1154
219, 58, 1119
231, 78, 1093
225, 39, 1039
222, 52, 1006
222, 52, 1006
217, 73, 963
225, 32, 953
252, -44, 972
275, -78, 1021
275, -78, 1021
272, -137, 985
258, -166, 948
248, -185, 935
231, -216, 951
211, -222, 931
189, -248, 884
166, -295, 877
147, -353, 927
147, -353, 927
128, -374, 937
115, -359, 946
97, -339, 935
66, -370, 986
34, -366, 1012
15, -325, 984
4, -287, 967
4, -287, 967
-5, -269, 962
-32, -264, 935
-53, -289, 912
-57, -297, 940
-83, -331, 893
-118, -375, 907
-118, -375, 907
-140, -373, 913
-162, -372, 883
-175, -360, 891
-173, -336, 886
-161, -316, 938
-155, -285, 966
-138, -240, 1012
-126, -219, 1020
-120, -203, 1028
-106, -166, 1029
-82, -124, 1029
-45, -101, 1040
7, -82, 1088
54, -85, 1114
102, -57, 1094
102, -57, 1061
135, -50, 1061
167, -44, 1039
-,-,-
-24, -196, 1016
-98, -215, 954
-99, -245, 1012
-101, -258, 1016
-77, -230, 1007
-45, -207, 1040
-16, -185, 1057
25, -166, 1085
25, -166, 1085
68, -147, 1128
112, -83, 1116
141, -48, 1082
186, -2, 1083
233, 38, 1072
274, 53, 1122
274, 53, 1122
291, 26, 1130
306, 12, 1072
315, -4, 1000
313, -53, 970
306, -147, 981
288, -226, 968
288, -226, 968
287, -214, 919
269, -250, 881
249, -302, 909
238, -336, 931
220, -352, 916
190, -355, 883
148, -377, 894
116, -380, 940
116, -380, 940
70, -386, 920
43, -374, 934
9, -367, 906
-11, -348, 939
-39, -357, 965
-52, -350, 942
-52, -350, 942
-71, -327, 870
-106, -357, 873
-136, -381, 903
-165, -365, 886
-187, -353, 848
-190, -333, 862
-193, -352, 907
-166, -332, 975
-146, -306, 980
-139, -269, 983
-131, -255, 1011
-108, -254, 1082
-82, -218, 1068
-59, -165, 1046
-48, -166, 1038
-28, -180, 1038
-6, -203, 1041
-6, -203, 1041
7, -224, 1001
43, -212, 992
104, -168, 1034
159, -150, 1070
-,-,-
-7, -255, 968
-7, -255, 968
-13, -300, 1091
-34, -330, 1059
-45, -287, 960
-53, -278, 955
-34, -280, 994
9, -272, 1050
57, -245, 1092
111, -166, 1092
111, -166, 1092
152, -120, 1097
192, -76, 1103
239, -7, 1104
268, 35, 1109
289, 45, 1086
289, 19, 1049
267, -47, 1018
267, -47, 1018
248, -97, 981
217, -188, 953
194, -263, 959
187, -273, 936
197, -251, 928
195, -242, 902
190, -260, 939
189, -257, 959
189, -257, 959
192, -244, 948
190, -244, 958
173, -263, 933
148, -290, 945
129, -287, 937
117, -290, 949
106, -337, 993
74, -398, 940
74, -398, 940
45, -468, 944
13, -507, 953
-2, -453, 923
-21, -379, 852
-44, -356, 852
-59, -377, 880
-59, -377, 880
-73, -402, 910
-73, -366, 863
-67, -347, 892
-74, -378, 936
-74, -392, 983
-70, -347, 986
-70, -303, 992
-81, -320, 1006
-81, -320, 1006
-97, -318, 1006
-109, -310, 1008
-116, -291, 1002
-126, -280, 990
-111, -254, 991
-84, -234, 1003
-59, -218, 1049
-34, -182, 1074
-24, -153, 1023
-3, -142, 1018
38, -121, 1008
90, -103, 1049
143, -83, 1093
199, -21, 1055
220, -18, 1014
220, -18, 1014
234, -41, 985
241, -97, 954
-,-,-
-129, -287, 970
-127, -270, 931
-103, -265, 957
-68, -255, 1044
-50, -294, 1068
7, -250, 1106
61, -170, 1084
61, -170, 1084
104, -84, 1074
139, -18, 1073
179, 7, 1127
204, 20, 1180
195, 17, 1103
230, 140, 1108
230, 140, 1108
231, 158, 1027
237, 99, 1065
249, 76, 1081
249, 74, 999
252, 72, 912
252, 72, 912
253, 34, 878
253, -79, 940
254, -203, 965
251, -231, 955
234, -237, 869
222, -288, 869
222, -288, 869
224, -379, 930
214, -452, 1009
196, -419, 969
156, -393, 917
119, -398, 947
77, -399, 960
58, -358, 973
58, -358, 973
15, -360, 946
0, -328, 939
-29, -356, 930
-57, -383, 950
-89, -354, 885
-123, -362, 836
-156, -415, 885
-156, -415, 885
-175, -423, 898
-192, -415, 885
-201, -373, 899
-206, -341, 923
-209, -317, 956
-186, -267, 968
-154, -239, 1001
-99, -188, 1058
-53, -121, 1077
-13, -94, 1123
17, -85, 1109
68, -63, 1105
105, -40, 1057
105, -40, 1057
145, -19, 1043
-,-,-
-65, -272, 998
-72, -276, 1047
-85, -257, 1028
-113, -260, 998
-113, -260, 998
-149, -284, 956
-143, -228, 942
-100, -189, 990
-43, -182, 1095
15, -113, 1124
74, -66, 1156
122, -36, 1199
166, 29, 1206
194, 63, 1157
204, 23, 1143
204, 23, 1143
202, -19, 1083
184, -79, 1045
173, -121, 1037
165, -150, 1009
171, -128, 934
170, -149, 910
184, -191, 954
206, -189, 937
206, -189, 937
218, -207, 917
200, -269, 912
203, -265, 893
194, -307, 885
189, -363, 945
183, -374, 933
168, -360, 917
131, -368, 914
131, -368, 914
97, -380, 969
70, -349, 985
40, -306, 942
5, -311, 931
-8, -278, 910
-8, -278, 910
-21, -293, 907
-37, -337, 908
-76, -365, 898
-114, -364, 864
-146, -355, 852
-157, -353, 884
-165, -351, 937
-162, -334, 969
-144, -306, 1029
-138, -285, 1031
-132, -245, 1032
-131, -234, 1018
-110, -236, 1053
-84, -243, 1083
-56, -211, 1081
-37, -187, 1037
-4, -157, 1009
-4, -157, 1009
31, -142, 987
87, -103, 1018
146, -71, 1022
210, -42, 1043
-,-,-
16, -234, 1086
33, -179, 1009
33, -151, 1011
-2, -185, 948
-33, -219, 1011
-49, -258, 1082
-46, -229, 1030
-49, -197, 1010
-37, -187, 1046
-1, -151, 1080
-1, -151, 1080
43, -116, 1120
82, -82, 1098
129, -54, 1087
173, -6, 1082
204, -8, 1037
220, -70, 1103
220, -70, 1103
248, -75, 1135
251, -78, 1005
238, -82, 940
228, -103, 901
219, -213, 890
205, -341, 976
198, -311, 928
183, -290, 889
183, -290, 889
164, -325, 850
146, -361, 879
127, -388, 957
112, -372, 969
101, -309, 899
92, -290, 920
70, -309, 976
70, -309, 976
44, -300, 956
26, -281, 933
5, -276, 896
-2, -293, 915
-30, -341, 958
-30, -341, 958
-63, -350, 965
-93, -353, 913
-100, -350, 882
-111, -349, 896
-134, -345, 914
-156, -339, 945
-151, -341, 979
-137, -299, 964
-123, -262, 948
-122, -242, 975
-115, -234, 1022
-100, -217, 1027
-89, -218, 1020
-84, -193, 1002
-81, -167, 995
-62, -147, 1015
-62, -147, 1015
-33, -153, 1032
0, -148, 1028
29, -132, 1030
50, -112, 1019
72, -103, 988
100, -127, 993
147, -138, 1033
200, -117, 1078
230, -116, 1096
-,-,-
-52, -66, 994
-52, -66, 994
-71, -65, 1082
-74, -46, 1009
-88, -66, 997
-84, -67, 1088
-72, -10, 1087
-79, 59, 988
-79, 59, 988
-85, 75, 968
-66, 67, 1044
-42, 46, 1086
-9, 67, 1104
-9, 67, 1104
20, 110, 1064
53, 136, 1022
86, 177, 1023
114, 202, 1017
159, 191, 1054
159, 191, 1054
192, 185, 1059
217, 206, 1003
226, 206, 925
241, 198, 912
258, 148, 901
271, 37, 983
271, 37, 983
290, -26, 1048
305, 0, 966
294, -35, 886
283, -101, 921
261, -178, 937
261, -178, 937
248, -262, 1100
235, -212, 1015
207, -164, 960
191, -167, 1036
153, -183, 1047
125, -183, 1075
83, -149, 1019
52, -140, 958
36, -138, 950
36, -138, 950
26, -140, 980
-4, -145, 971
-34, -155, 954
-66, -169, 958
-105, -187, 961
-112, -192, 963
-126, -223, 1015
-137, -232, 1026
-157, -204, 1049
-175, -162, 1042
-177, -103, 1030
-169, -43, 1024
-178, -31, 1032
-183, -15, 1010
-167, -16, 983
-167, -16, 983
-126, 5, 978
-59, 76, 964
13, 132, 940
100, 157, 987
-,-,-
-81, -72, 1067
-91, -55, 953
-101, -59, 1010
-86, -80, 1060
-66, -154, 1112
-29, -166, 1122
22, -88, 1101
78, 11, 1107
78, 11, 1107
126, 66, 1130
179, 144, 1152
229, 226, 1135
269, 298, 1077
321, 327, 1076
361, 317, 1065
361, 317, 1065
374, 255, 1042
371, 159, 1022
367, 84, 993
342, 42, 906
317, 6, 852
317, 6, 852
304, -118, 908
292, -234, 998
277, -228, 955
247, -209, 851
216, -220, 848
196, -246, 935
165, -271, 998
165, -271, 998
135, -265, 1035
111, -210, 1005
65, -194, 940
9, -218, 926
-38, -237, 927
-84, -271, 923
-116, -286, 902
-146, -316, 909
-146, -316, 909
-175, -358, 933
-197, -357, 930
-219, -345, 911
-218, -329, 945
-195, -304, 995
-167, -257, 1038
-139, -202, 1056
-114, -141, 1073
-101, -97, 1073
-73, -43, 1082
-49, -7, 1072
-7, 36, 1077
32, 70, 1071
32, 70, 1071
67, 92, 1044
108, 103, 1055
158, 87, 1083
-,-,-
-119, -142, 1005
-125, -171, 1028
-126, -170, 1044
-124, -105, 992
-129, -89, 1015
-127, -81, 1054
-102, -43, 1072
-75, -6, 1048
-31, 16, 1076
20, 32, 1107
88, 83, 1167
88, 83, 1167
134, 136, 1129
171, 171, 1077
205, 209, 1037
247, 211, 1051
297, 153, 1115
343, 141, 1121
354, 152, 1039
354, 152, 1039
343, 139, 940
320, 45, 928
296, -86, 985
269, -111, 976
262, -61, 884
262, -61, 884
261, -71, 846
246, -146, 881
214, -255, 951
210, -258, 1010
172, -236, 943
132, -256, 936
99, -279, 973
55, -312, 981
55, -312, 981
26, -307, 1020
0, -258, 958
-29, -256, 895
-51, -300, 908
-73, -316, 909
-127, -330, 897
-127, -330, 897
-162, -351, 955
-162, -320, 975
-152, -272, 981
-150, -240, 989
-147, -225, 1026
-142, -221, 1055
-127, -199, 1086
-120, -161, 1043
-120, -161, 1046
-111, -156, 1055
-96, -126, 1022
-88, -119, 1005
-83, -103, 997
-84, -88, 978
-79, -74, 965
-65, -79, 963
-44, -67, 993
-44, -67, 993
-39, -50, 1002
-42, -60, 1004
-28, -50, 990
-14, -40, 993
2, -31, 992
2, -31, 992
43, 0, 1050
86, 34, 1109
120, 76, 1105
-,-,-
-56, -138, 1005
-57, -106, 1005
-60, -121, 999
-45, -137, 1032
-28, -156, 1062
-15, -127, 1068
4, -90, 1065
4, -90, 1065
24, -62, 1088
24, -71, 1096
26, -65, 1094
32, -40, 1082
42, -8, 1059
42, -8, 1059
55, 14, 1046
63, 18, 1045
88, 38, 1040
88, 38, 1040
96, 42, 1002
118, 45, 1018
142, 59, 1031
159, 47, 1042
154, 15, 1036
154, 15, 1036
147, 1, 1005
137, -10, 968
128, -34, 938
133, -59, 947
133, -59, 947
152, -88, 981
156, -124, 1008
162, -112, 970
161, -108, 946
159, -119, 961
152, -157, 979
150, -196, 1023
139, -199, 1013
104, -208, 974
104, -208, 974
84, -217, 982
52, -264, 983
23, -288, 997
10, -275, 999
-9, -275, 968
-9, -275, 968
-34, -273, 935
-67, -275, 890
-91, -284, 877
-98, -291, 869
-106, -287, 875
-95, -241, 912
-92, -219, 922
-89, -223, 966
-97, -241, 1029
-97, -241, 1029
-118, -248, 1014
-137, -260, 1012
-156, -252, 998
-180, -251, 993
-208, -288, 1010
-238, -308, 995
-252, -302, 946
-258, -311, 882
-218, -264, 909
-112, -152, 1022
6, -18, 1142
75, 77, 1146
-,-,-
-128, -94, 970
-126, -147, 1010
-116, -155, 1044
-85, -130, 1057
-59, -90, 1055
-30, -76, 1077
-3, -53, 1109
-3, -53, 1109
14, -20, 1100
44, 25, 1101
70, 63, 1124
93, 93, 1123
93, 93, 1123
102, 114, 1068
107, 123, 1045
112, 95, 1041
114, 61, 1042
121, 52, 1039
121, 52, 1039
134, 81, 1024
143, 112, 1002
150, 117, 983
160, 116, 973
165, 82, 978
165, 82, 978
159, 29, 1000
151, 4, 1001
143, 15, 936
134, -1, 897
134, -1, 897
123, -33, 882
128, -94, 917
118, -188, 977
88, -225, 996
62, -223, 994
62, -223, 994
18, -247, 981
-8, -255, 960
-47, -266, 941
-72, -266, 938
-88, -265, 935
-106, -257, 914
-133, -237, 885
-161, -265, 894
-161, -265, 894
-169, -261, 890
-163, -253, 915
-156, -222, 930
-154, -202, 945
-143, -199, 984
-143, -200, 996
-141, -194, 1011
-140, -199, 1026
-134, -196, 1051
-127, -186, 1059
-126, -177, 1054
-102, -140, 1070
-81, -99, 1071
-66, -104, 1059
-22, -74, 1053
38, -9, 1070
80, 24, 1111
80, 24, 1111
127, 47, 1133
155, 55, 1098
-,-,-
-139, -147, 967
-128, -149, 1028
-128, -147, 1027
-117, -155, 1055
-76, -164, 1121
-31, -132, 1129
11, -46, 1104
11, -46, 1104
31, 12, 1075
58, 50, 1078
89, 87, 1078
132, 144, 1089
132, 144, 1089
149, 186, 1041
168, 203, 1011
173, 175, 1004
199, 130, 1062
218, 111, 1084
201, 85, 1015
194, 92, 954
194, 92, 954
193, 83, 921
197, 20, 921
187, -51, 921
172, -158, 943
172, -158, 943
172, -186, 945
158, -207, 900
142, -254, 897
127, -290, 935
102, -327, 989
77, -330, 1003
50, -300, 986
24, -290, 989
24, -290, 989
-9, -290, 997
-52, -322, 1016
-77, -289, 990
-104, -244, 950
-120, -218, 952
-136, -228, 954
-145, -233, 971
-164, -236, 959
-176, -236, 931
-197, -267, 894
-205, -276, 917
-205, -276, 917
-187, -275, 950
-176, -266, 957
-163, -242, 986
-149, -210, 1024
-126, -157, 1040
-98, -104, 1044
-71, -69, 1088
-43, -42, 1136
-26, -22, 1122
-10, 2, 1076
23, 29, 1052
23, 29, 1052
46, 45, 1028
-,-,-
-106, -64, 885
-120, -108, 951
-107, -131, 1055
-90, -118, 1087
-61, -80, 1074
-43, -67, 1059
-43, -67, 1059
-28, -61, 1055
-7, -40, 1052
14, -8, 1062
36, 17, 1062
71, 50, 1077
71, 50, 1077
91, 80, 1039
106, 96, 1009
119, 94, 1004
142, 84, 1027
175, 69, 1059
175, 69, 1059
210, 81, 1086
216, 86, 1048
212, 79, 1020
207, 68, 999
207, 68, 999
193, 29, 966
179, -31, 966
169, -86, 973
159, -105, 969
145, -114, 933
145, -114, 933
124, -138, 923
112, -166, 938
99, -209, 979
87, -216, 1011
70, -216, 989
41, -226, 978
-4, -260, 962
-4, -260, 962
-38, -281, 960
-53, -265, 954
-78, -264, 939
-122, -285, 897
-151, -286, 891
-167, -290, 899
-185, -286, 894
-191, -259, 904
-198, -248, 919
-193, -245, 939
-191, -251, 966
-191, -251, 966
-193, -255, 986
-203, -249, 972
-192, -232, 971
-168, -221, 993
-139, -202, 1033
-106, -150, 1060
-77, -114, 1079
-,-,-
-42, -153, 935
-42, -153, 935
-52, -203, 1007
-46, -243, 1048
-16, -251, 1114
13, -218, 1121
23, -164, 1085
35, -126, 1064
57, -86, 1078
72, -52, 1083
98, -26, 1106
98, -26, 1106
123, 14, 1090
130, 42, 1039
135, 34, 1013
145, 20, 1008
158, 2, 993
158, 2, 993
174, -32, 1020
194, -31, 1036
221, -25, 1065
229, -20, 1051
214, -19, 991
214, -19, 991
193, -23, 967
180, -44, 966
165, -74, 957
160, -102, 956
146, -131, 949
133, -161, 931
133, -161, 931
120, -172, 935
100, -216, 962
79, -235, 975
43, -254, 963
4, -272, 926
-18, -294, 940
-18, -294, 940
-48, -315, 946
-89, -343, 925
-120, -354, 890
-148, -370, 872
-172, -372, 855
-182, -373, 862
-191, -347, 866
-195, -335, 881
-170, -301, 937
-157, -289, 978
-145, -281, 1012
-162, -290, 997
-180, -305, 987
-184, -310, 991
-184, -310, 991
-184, -305, 976
-153, -254, 1010
-101, -181, 1030
-78, -148, 1019
-25, -109, 1060
-,-,-
-70, -170, 937
-61, -197, 1071
-82, -229, 1104
-83, -224, 1058
-81, -222, 1026
-81, -222, 1026
-60, -216, 1055
-42, -190, 1079
-10, -166, 1103
28, -128, 1094
54, -85, 1079
85, -44, 1076
120, 1, 1083
155, 41, 1086
155, 41, 1086
177, 78, 1058
195, 91, 1018
218, 79, 1015
255, 70, 1049
267, 33, 1092
267, 33, 1092
259, -5, 1098
238, -14, 1020
215, -32, 957
199, -66, 927
178, -103, 901
158, -184, 920
158, -184, 920
146, -201, 920
131, -195, 870
124, -202, 880
114, -218, 913
88, -249, 935
56, -284, 948
35, -299, 941
35, -299, 941
8, -336, 938
-34, -373, 952
-79, -387, 929
-104, -373, 922
-127, -350, 919
-137, -321, 907
-146, -301, 910
-164, -319, 922
-173, -325, 939
-173, -308, 938
-173, -308, 938
-165, -315, 960
-157, -314, 990
-155, -308, 1003
-161, -310, 994
-163, -314, 1006
-159, -298, 985
-151, -288, 977
-126, -261, 991
-90, -235, 995
-40, -206, 1030
17, -149, 1056
89, -66, 1073
-,-,-
-55, -226, 1023
-39, -208, 962
0, -193, 1051
27, -173, 1075
58, -151, 1107
95, -107, 1104
95, -107, 1104
130, -63, 1105
169, -2, 1116
191, 29, 1116
204, 38, 1100
205, 18, 1072
198, -22, 1052
198, -22, 1052
191, -62, 1034
195, -79, 1022
201, -91, 1014
212, -98, 1041
216, -99, 1021
218, -98, 1006
197, -124, 997
179, -140, 960
179, -140, 960
164, -156, 936
146, -188, 941
118, -242, 948
103, -234, 945
76, -230, 905
55, -240, 897
38, -275, 937
38, -275, 937
5, -326, 971
-35, -366, 964
-67, -370, 923
-90, -377, 912
-111, -376, 917
-137, -375, 891
-162, -369, 868
-185, -372, 841
-200, -378, 820
-200, -378, 820
-208, -361, 802
-207, -352, 821
-195, -350, 876
-181, -335, 925
-164, -300, 956
-148, -271, 980
-128, -253, 1024
-108, -250, 1061
-82, -235, 1096
-70, -221, 1093
-47, -216, 1106
-,-,-
-195, -244, 948
-189, -219, 908
-167, -241, 1008
-135, -253, 1083
-79, -211, 1125
-18, -145, 1162
26, -69, 1179
58, -2, 1170
88, 36, 1171
88, 36, 1171
113, 79, 1148
125, 134, 1094
130, 129, 1036
133, 106, 995
139, 63, 976
139, 63, 996
142, -13, 996
149, -66, 1014
160, -78, 995
163, -88, 971
171, -91, 960
169, -131, 942
169, -131, 942
159, -205, 967
154, -221, 974
147, -212, 942
139, -189, 925
115, -215, 915
93, -260, 928
78, -319, 997
78, -319, 997
45, -343, 989
14, -335, 946
-25, -369, 940
-52, -398, 952
-84, -416, 953
-108, -381, 911
-136, -330, 868
-136, -330, 868
-160, -319, 850
-169, -335, 877
-151, -299, 894
-143, -283, 919
-147, -277, 940
-168, -277, 968
-203, -281, 952
-232, -288, 943
-259, -297, 937
-261, -287, 960
-273, -291, 961
-284, -306, 961
-284, -305, 942
-259, -302, 929
-203, -266, 935
-140, -249, 1050
-22, -188, 1151
97, -28, 1240
-,-,-
-145, -241, 981
-161, -246, 943
-167, -268, 964
-162, -283, 968
-135, -294, 997
-95, -263, 1035
-52, -208, 1069
-9, -141, 1090
42, -73, 1123
82, -14, 1110
82, -14, 1110
104, 6, 1082
129, -31, 1115
155, -67, 1106
159, -106, 1072
172, -137, 1090
178, -183, 1086
192, -189, 1097
199, -161, 1084
184, -155, 1045
163, -164, 989
163, -164, 989
147, -161, 959
137, -159, 958
111, -191, 942
89, -203, 912
69, -214, 894
50, -220, 878
27, -271, 913
27, -271, 913
16, -306, 975
-2, -305, 949
-24, -310, 915
-55, -350, 922
-88, -399, 931
-122, -433, 941
-122, -433, 941
-145, -434, 917
-164, -429, 899
-181, -415, 886
-199, -388, 872
-209, -370, 876
-229, -383, 846
-233, -389, 845
-224, -381, 880
-210, -353, 902
-206, -341, 928
-205, -341, 951
-216, -354, 940
-215, -336, 938
-226, -336, 935
-233, -339, 950
-252, -358, 929
-243, -375, 877
-159, -271, 942
-159, -271, 942
-23, -104, 1131
-,-,-
-151, -310, 985
-168, -325, 945
-174, -328, 974
-184, -306, 959
-184, -305, 974
-180, -318, 985
-162, -333, 1015
-128, -316, 1044
-89, -294, 1062
-41, -247, 1068
-2, -192, 1077
40, -157, 1088
82, -147, 1142
82, -147, 1142
108, -131, 1162
134, -66, 1118
144, 1, 1057
151, 61, 1038
144, 71, 1002
136, 48, 990
136, 48, 990
132, 8, 966
123, -48, 944
114, -120, 966
112, -169, 979
110, -190, 982
110, -190, 982
110, -190, 970
104, -198, 922
112, -225, 902
96, -329, 933
88, -355, 983
73, -373, 952
73, -373, 952
61, -378, 908
43, -392, 908
24, -415, 940
-1, -426, 975
-20, -398, 961
-51, -369, 908
-51, -369, 908
-63, -342, 918
-80, -333, 907
-105, -328, 895
-124, -326, 890
-140, -310, 886
-155, -308, 876
-165, -334, 892
-176, -380, 943
-194, -400, 925
-210, -423, 927
-215, -433, 925
-208, -419, 950
-198, -379, 980
-167, -312, 999
-167, -312, 999
-118, -238, 1028
-68, -176, 1012
-4, -118, 1062
-,-,-
-109, -269, 1007
-132, -283, 964
-145, -298, 1006
-164, -287, 976
-177, -316, 971
-153, -328, 987
-110, -295, 1009
-64, -246, 1043
-21, -195, 1089
22, -150, 1117
62, -101, 1132
98, -62, 1190
98, -62, 1190
115, -22, 1152
127, 19, 1101
132, 54, 1049
162, 79, 1068
177, 78, 1050
175, 39, 1050
175, 39, 1050
168, 0, 1004
163, -11, 942
159, -48, 921
162, -92, 921
162, -92, 921
171, -142, 943
165, -158, 937
163, -151, 908
164, -162, 885
164, -205, 897
153, -262, 901
147, -319, 953
131, -368, 967
131, -368, 967
111, -392, 957
90, -417, 969
68, -431, 989
46, -431, 1012
14, -418, 983
-13, -379, 963
-50, -358, 935
-50, -358, 935
-78, -352, 929
-107, -335, 893
-128, -340, 882
-152, -369, 888
-168, -382, 899
-173, -355, 904
-189, -355, 950
-194, -360, 965
-201, -345, 996
-223, -335, 983
-258, -344, 968
-285, -334, 946
-283, -296, 916
-254, -259, 944
-254, -259, 944
-196, -211, 1005
-129, -149, 1041
-62, -70, 1029
-,-,-
-144, -233, 948
-167, -266, 899
-153, -276, 984
-122, -259, 1020
-85, -226, 1044
-47, -196, 1096
-14, -166, 1116
10, -143, 1145
33, -106, 1133
66, -48, 1134
101, 6, 1130
101, 6, 1130
130, 72, 1119
144, 127, 1082
153, 155, 1029
167, 153, 1006
189, 94, 1036
189, 94, 1036
179, 27, 1022
184, 2, 1028
185, -34, 1019
169, -61, 991
165, -78, 980
154, -103, 955
154, -103, 955
147, -124, 931
134, -149, 915
134, -167, 919
123, -184, 908
112, -214, 929
104, -227, 922
81, -270, 930
81, -270, 930
63, -303, 934
36, -321, 937
13, -350, 959
-13, -381, 956
-40, -403, 974
-62, -401, 954
-62, -401, 954
-98, -404, 930
-144, -393, 882
-176, -387, 846
-199, -396, 829
-185, -369, 837
-175, -350, 858
-159, -336, 913
-144, -321, 972
-153, -304, 985
-174, -292, 956
-198, -314, 950
-232, -356, 911
-262, -374, 822
-,-,-
-48, -207, 1022
-57, -200, 948
-71, -231, 1004
-82, -270, 1010
-86, -302, 1034
-80, -295, 1018
-70, -278, 1030
-65, -263, 1026
-51, -250, 1038
-41, -229, 1044
-27, -197, 1039
-20, -183, 1043
2, -175, 1056
27, -139, 1032
27, -139, 1032
52, -111, 1041
75, -85, 1042
108, -52, 1067
143, -10, 1085
167, 31, 1066
181, 35, 1057
190, 11, 1064
190, 11, 1064
197, -24, 1049
186, -73, 1036
170, -115, 1021
156, -140, 988
147, -141, 965
145, -137, 956
145, -132, 929
145, -132, 929
123, -145, 901
93, -214, 904
79, -230, 936
76, -198, 935
42, -207, 908
16, -224, 902
16, -224, 902
-16, -260, 906
-32, -297, 974
-36, -277, 973
-52, -278, 935
-71, -319, 950
-117, -359, 931
-157, -370, 898
-198, -377, 840
-232, -409, 821
-232, -409, 775
-271, -424, 775
-287, -427, 774
-276, -399, 782
-254, -390, 846
-229, -355, 911
-225, -330, 940
-220, -326, 960
-235, -357, 871
